                        edges                         midpts                        npairs                         avgV                         varV                       sigmaV                      avgavgV                      varavgV                    sigmaavgV                      avgvarV
                      0.001514                       0.002984                              7                      -2.298389                     364.568538                      19.093678
                      0.007953                       0.012300                              9                      -0.049513                    1722.936198                      41.508267
                      0.018227                       0.028190                             10                     -42.166063                    2147.944981                      46.345927
                      0.041776                       0.064610                              8                     -37.813556                    2447.978100                      49.477046
                      0.095749                       0.117811                              8                     -70.027802                    1736.823373                      41.675213
                      0.144956                       0.178356                             22                     -55.716144                     646.055782                      25.417627
                      0.219452                       0.270017                             70                     -43.359547                     259.468054                      16.108012
                      0.332232                       0.408784                            165                     -26.184951                     161.941794                      12.725635
                      0.502973                       0.618866                            242                     -10.216748                     163.496747                      12.786585
                      0.761462                       0.936913                            334                       0.540339                     186.740453                      13.665301
                      1.152792                       1.418412                            390                      14.604127                     301.165719                      17.354127
                      1.745235                       2.147363                            521                      30.708782                     373.762650                      19.332942
                      2.642147                       3.250937                            584                      46.084894                    1012.281714                      31.816375
